baseline            poisson         SPAS
1.284377            1.284377        1.005903
1.284377            1.257270        1.010306
1.284377            1.213854        1.011008
1.284377            1.149399        1.005733
1.284377            1.092231        0.999913
1.284377            1.040917        1.010452
1.284377            0.970659        1.006049
1.284377            0.914814        1.006107
1.213717            0.864346        1.012029
1.053809            0.825056        1.010164
0.938412            0.788785        1.003981


