baseline_mean       baseline_f1         poisson_mean        poisson_f1          spas_mean       spas_f1
0.074372            0.053475            0.074372            0.053475            0.114050        0.016907
0.074372            0.053475            0.101346            0.027167            0.073960        0.011467
0.074372            0.053475            0.113436            0.038373            0.082947        0.012653
0.074372            0.053475            0.117154            0.049202            0.075153        0.011620
0.074372            0.053475            0.141974            0.072415            0.079853        0.012303
0.074372            0.053475            0.168910            0.091673            0.066843        0.010417
0.074372            0.053475            0.179449            0.107836            0.070620        0.010967
0.074372            0.053475            0.201692            0.122681            0.069313        0.010740
0.114731            0.039571            0.217077            0.135499            0.107657        0.016147
0.156897            0.085463            0.234205            0.148443            0.069967        0.010890
0.200218            0.120759            0.240885            0.156339            0.069567        0.010830




