baseline_mean       baseline_f1         poisson_mean        poisson_f1      spas_mean       spas_f1
0.139896            0.108967            0.139896            0.108967        0.130517        0.028810
0.139896            0.108967            0.142732            0.035395        0.138293        0.030307
0.139896            0.108967            0.150077            0.042092        0.149153        0.032420
0.139896            0.108967            0.156854            0.050735        0.149600        0.032500
0.139896            0.108967            0.171527            0.067293        0.148707        0.032393
0.139896            0.108967            0.187259            0.076692        0.151887        0.032977
0.139896            0.108967            0.204216            0.096372        0.132657        0.029213
0.139896            0.108967            0.225161            0.110529        0.118980        0.026560
0.145538            0.040455            0.243499            0.129038        0.113017        0.025407
0.184759            0.078165            0.282444            0.164836        0.148200        0.032300
0.218491            0.108000            0.313876            0.191687        0.147053        0.032027






