baseline            poisson         SPAS
1.295749            1.295749        4.491846
1.295749            1.268830        4.305738
1.295749            1.224546        4.412861
1.295749            1.156400        3.904360
1.295749            1.091615        4.019608
1.295749            1.037202        4.019279
1.295749            0.962249        3.901343
1.295749            0.900529        4.318698
1.225482            0.846092        4.216115
1.056823            0.801455        4.150898
0.930286            0.758053        4.363791





