baseline_mean       baseline_f1         poisson_mean        poisson_f1      spas_mean       spas_f1
0.133993            0.079081            0.133993            0.079081        0.123937        0.099740 
0.133993            0.079081            0.143300            0.086262        0.123887        0.103187
0.133993            0.079081            0.165885            0.108101        0.123793        0.101357
0.133993            0.079081            0.196351            0.126786        0.129477        0.097440
0.133993            0.079081            0.225146            0.148101        0.114060        0.095383
0.133993            0.079081            0.255136            0.175119        0.123983        0.101270
0.133993            0.079081            0.268062            0.189345        0.129930        0.103397
0.133993            0.079081            0.295814            0.211459        0.116357        0.093370
0.180527            0.115209            0.314827            0.225071        0.114677        0.096027
0.225161            0.148686            0.324333            0.236357        0.118940        0.095013
0.257206            0.182275            0.335327            0.245817        0.137387        0.115920





