baseline_mean       baseline_f1         poisson_mean        poisson_f1      spas_mean           spas_f1
0.084333            0.051309            0.084333            0.051309        0.093950            0.061977
0.084333            0.051309            0.092282            0.057281        0.092743            0.065990
0.084333            0.051309            0.102795            0.064348        0.090537            0.068780
0.084333            0.051309            0.114064            0.071610        0.089853            0.067657
0.084333            0.051309            0.122231            0.078008        0.090755            0.065886
0.084333            0.051309            0.146128            0.092218        0.077433            0.057987
0.084333            0.051309            0.164167            0.104326        0.106377            0.061000
0.084333            0.051309            0.181577            0.112399        0.101667            0.069757
0.108308            0.061345            0.193179            0.119140        0.099177            0.064320
0.147692            0.089467            0.195026            0.121360        0.096077            0.067677
0.157205            0.095841            0.209436            0.126736        0.106260            0.059677







